car 512

('layers.0.weight', tensor([[-0.0212,  0.4072,  0.7302,  ...,  0.2065,  0.2291, -0.1885],
        [-1.0136, -0.3376, -0.5398,  ..., -0.4896, -0.4011,  0.0055],
        [ 0.3688, -0.1336, -0.0674,  ..., -0.4819, -0.0825,  0.1887],
        ...,
        [ 0.5191,  0.8144,  0.9280,  ...,  0.5191,  0.4220,  0.7582],
        [ 0.1201,  0.0544,  0.3151,  ..., -0.0422, -0.8974,  0.3026],
        [-0.2830,  0.4507,  0.2086,  ..., -0.2094,  0.4229, -0.1035]],
       device='cuda:0'))

fan 512

[('layers.0.weight', tensor([[-0.7238, -0.5169,  0.9297,  ...,  0.5634, -0.1742,  0.0724],
        [ 0.4786, -0.2157, -0.4167,  ...,  0.4145,  0.8090,  0.1881],
        [ 1.3288,  0.4865,  0.3398,  ..., -0.3590, -0.1857, -0.3590],
        ...,
        [ 0.0279, -0.4560, -0.5936,  ..., -0.6892, -0.2554, -0.6000],
        [ 0.5584, -0.1592,  0.5750,  ..., -0.5712, -0.9951, -0.0018],
        [ 0.5827,  0.0503, -0.8293,  ...,  0.0615,  0.1166,  0.1847]],
       device='cuda:0')),

fan 32

('layers.0.weight', tensor([[-0.7238, -0.5169,  0.9297,  ...,  0.5634, -0.1742,  0.0724],
        [ 0.4786, -0.2157, -0.4167,  ...,  0.4145,  0.8090,  0.1881],
        [ 1.3288,  0.4865,  0.3398,  ..., -0.3590, -0.1857, -0.3590],
        ...,
        [ 0.0279, -0.4560, -0.5936,  ..., -0.6892, -0.2554, -0.6000],
        [ 0.5584, -0.1592,  0.5750,  ..., -0.5712, -0.9951, -0.0018],
        [ 0.5827,  0.0503, -0.8293,  ...,  0.0615,  0.1166,  0.1847]],
       device='cuda:0'))

fan 16

('layers.0.weight', tensor([[-0.7238, -0.5169,  0.9297,  ...,  0.5634, -0.1742,  0.0724],
        [ 0.4786, -0.2157, -0.4167,  ...,  0.4145,  0.8090,  0.1881],
        [ 1.3288,  0.4865,  0.3398,  ..., -0.3590, -0.1857, -0.3590],
        ...,
        [ 0.0279, -0.4560, -0.5936,  ..., -0.6892, -0.2554, -0.6000],
        [ 0.5584, -0.1592,  0.5750,  ..., -0.5712, -0.9951, -0.0018],
        [ 0.5827,  0.0503, -0.8293,  ...,  0.0615,  0.1166,  0.1847]],
       device='cuda:0'))
